15423
15188
15296
15256
15238
15233
15398
15362
15051
15421
15349
15175
15184
14782
15670
15421
15177
15640
15277
15227
15493
15586
15237
15017
15773
15405
15348
15357
15074
15189
15434
15408
15331
15480
15511
15309
15175
15123
15023
15174
15005
15023
15390
15400
15123
15367
15033
15279
15414
15240
15225
15433
15378
15505
14918
15369
15619
14945
15396
15038
15491
15211
15411
15216
15266
15074
15395
15029
15316
15270
15227
15219
15370
15042
15634
15425
15436
14991
15036
15320
15233
15509
15502
15495
15099
15340
15359
15216
15402
15194
15088
15147
15357
15104
15440
15398
15702
15267
15199
15392