1127
1260
1195
1062
1160
1215
1034
1203
1238
1140
1231
1117
1241
1213
1278
981
1254
1161
1415
1254
1303
1202
1276
1198
1336
1049
937
1092
1152
1171
1277
1156
1277
1361
1050
1255
1071
1157
1127
1183
1304
1220
1251
1279
1123
1203
1167
1012
1052
1213
1262
1261
1090
1163
1086
1206
1114
1396
1081
1224
1123
1074
1145
1096
1116
1295
883
1160
985
1253
1210
1271
1174
1134
1089
1161
1055
1157
1026
1307
1094
1174
1098
1088
1152
1195
1226
1322
1323
1051
1223
1129
1129
1314
958
1098
1152
1241
1207
1327
