14477
10833
11575
11300
13120
11780
13381
13192
9695
12017
10940
12004
8286
8895
13697
11919
11791
13429
10300
9223
11677
11391
12253
11344
13349
11183
12143
13423
13611
11456
10645
9435
12304
9295
13171
10798
9675
10414
10271
10567
12824
10024
9891
12477
10029
11935
12162
11272
11876
12922
9099
8507
12966
13578
10004
10974
12535
9984
12009
11273
10506
11661
10798
11347
12242
12011
10736
11624
10753
3706
11400
12304
11176
12225
10255
12869
12135
11019
13362
5794
13410
11548
8587
11253
11398
11882
8763
6969
11275
11025
9970
10376
12262
14522
13998
11288
12059
12413
10839
11172